A1 = 0.156;
A2 = 0.156;
A3 = 0.156;

Ap1 = 5 * 10^(-5);
Ap2 = 5 * 10^(-5);
Ap3 = 5 * 10^(-5);

c1 = 1;
c2 = 1;
c3 = 1;

pump1 = 0.000001;
pump2 = 0.000001;
